30
3
0  479  319  237  705  472  9679  6795  3664  482  541  865  3635  2712  164  5862  812  2826  346  2077  6389  2426  9688  6516  7531  7466  88  2700  595  2821  
479  0  822  335  726  544  7772  2910  5023  110  113  384  9043  4727  139  2760  68  8152  572  6160  7423  8082  4502  2703  4537  5044  157  6951  496  3706  
319  822  0  668  675  544  5551  8639  8931  436  562  785  3084  5856  568  6490  652  9545  187  6740  6747  2643  7367  8540  2484  9049  71  2247  272  3104  
237  335  668  0  975  544  2215  2543  9822  717  882  540  9731  5363  81  6901  505  7268  295  3165  6813  7241  8236  9442  3990  3221  118  4172  754  4584  
705  726  675  975  0  469  4175  3241  6665  986  884  223  8091  3194  792  9076  277  3838  383  7053  7697  2184  5827  2728  2636  8258  303  9747  90  5665  
472  544  544  544  469  0  7102  7893  2004  414  907  335  2452  6182  704  2399  28  3017  880  4001  5148  2197  7937  9787  2369  6791  792  3673  34  7009  
9679  7772  5551  2215  4175  7102  0  300  5025  6141  9247  5897  424  9056  5770  9855  7399  4075  3404  324  2450  3163  675  2490  490  242  6368  813  3702  6423  
6795  2910  8639  2543  3241  7893  300  0  8584  4451  6618  3542  28  6464  8822  9115  3947  5424  4448  366  3897  5737  89  8246  426  833  3759  727  4536  8172  
3664  5023  8931  9822  6665  2004  5025  8584  0  2876  9745  6864  4087  384  2632  94  7625  145  3230  3050  553  90  7392  485  4689  3284  8964  9524  8376  462  
482  110  436  717  986  414  6141  4451  2876  0  612  546  3693  3157  559  2124  629  3993  846  4818  5693  3016  4644  9969  9372  9932  273  2129  593  4689  
541  113  562  882  884  907  9247  6618  9745  612  0  6  9858  3143  708  4806  250  7112  7  7121  7144  4467  6237  7091  7955  3701  922  4691  348  6577  
865  384  785  540  223  335  5897  3542  6864  546  6  0  9321  9577  554  3357  126  7827  110  6582  3845  7443  5092  6989  5423  5514  708  3526  255  8060  
3635  9043  3084  9731  8091  2452  424  28  4087  3693  9858  9321  0  7808  2449  9667  6769  8405  9099  848  7117  2119  314  6508  632  754  9855  279  6955  5196  
2712  4727  5856  5363  3194  6182  9056  6464  384  3157  3143  9577  7808  0  3143  99  4956  62  8593  3536  534  523  8630  588  2477  5239  6440  9637  3561  696  
164  139  568  81  792  704  5770  8822  2632  559  708  554  2449  3143  0  7875  519  2935  477  2217  9974  3524  8102  9270  6837  6786  524  8371  450  9881  
5862  2760  6490  6901  9076  2399  9855  9115  94  2124  4806  3357  9667  99  7875  0  8556  447  8804  9457  502  173  4652  102  7547  9236  7091  4737  2583  777  
812  68  652  505  277  28  7399  3947  7625  629  250  126  6769  4956  519  8556  0  6942  953  7241  2788  5518  4488  6939  3293  5550  220  3408  798  4090  
2826  8152  9545  7268  3838  3017  4075  5424  145  3993  7112  7827  8405  62  2935  447  6942  0  3825  9667  60  600  5596  742  8480  5644  7268  2600  8131  436  
346  572  187  295  383  880  3404  4448  3230  846  7  110  9099  8593  477  8804  953  3825  0  5325  7963  2935  2306  7608  8054  4096  38  2575  347  7442  
2077  6160  6740  3165  7053  4001  324  366  3050  4818  7121  6582  848  3536  2217  9457  7241  9667  5325  0  8644  5879  826  6248  796  732  8315  483  3452  2844  
6389  7423  6747  6813  7697  5148  2450  3897  553  5693  7144  3845  7117  534  9974  502  2788  60  7963  8644  0  46  5944  459  7268  8888  2202  2191  4284  146  
2426  8082  2643  7241  2184  2197  3163  5737  90  3016  4467  7443  2119  523  3524  173  5518  600  2935  5879  46  0  6562  671  7375  3479  8656  3402  7728  384  
9688  4502  7367  8236  5827  7937  675  89  7392  4644  6237  5092  314  8630  8102  4652  4488  5596  2306  826  5944  6562  0  8289  452  541  7457  427  9303  5364  
6516  2703  8540  9442  2728  9787  2490  8246  485  9969  7091  6989  6508  588  9270  102  6939  742  7608  6248  459  671  8289  0  4943  5443  4870  2334  2236  416  
7531  4537  2484  3990  2636  2369  490  426  4689  9372  7955  5423  632  2477  6837  7547  3293  8480  8054  796  7268  7375  452  4943  0  50  8892  128  7569  5052  
7466  5044  9049  3221  8258  6791  242  833  3284  9932  3701  5514  754  5239  6786  9236  5550  5644  4096  732  8888  3479  541  5443  50  0  6355  209  6964  4428  
88  157  71  118  303  792  6368  3759  8964  273  922  708  9855  6440  524  7091  220  7268  38  8315  2202  8656  7457  4870  8892  6355  0  4250  948  2287  
2700  6951  2247  4172  9747  3673  813  727  9524  2129  4691  3526  279  9637  8371  4737  3408  2600  2575  483  2191  3402  427  2334  128  209  4250  0  8018  7327  
595  496  272  754  90  34  3702  4536  8376  593  348  255  6955  3561  450  2583  798  8131  347  3452  4284  7728  9303  2236  7569  6964  948  8018  0  2578  
2821  3706  3104  4584  5665  7009  6423  8172  462  4689  6577  8060  5196  696  9881  777  4090  436  7442  2844  146  384  5364  416  5052  4428  2287  7327  2578  0  
