50
5
0  761  510  7207  7868  610  24  252  3546  5148  6915  2195  8849  5144  3527  7641  9055  882  6984  509  2886  9600  9029  4398  6361  38  5605  4038  6373  6754  249  8540  3918  6671  6429  9544  9659  2359  3683  843  852  2552  925  8644  8192  324  3895  7458  6790  9522  
761  0  928  6598  8781  802  333  356  6349  6249  7970  7715  7160  6602  9235  8285  7820  107  5977  415  7811  6959  3115  6819  9872  539  6565  5574  9013  3706  479  9111  4331  6411  2282  3898  7124  5529  3658  784  135  5638  311  7985  4602  415  8659  5955  2756  6865  
510  928  0  2438  3075  810  758  790  6669  3077  9752  9548  7694  7515  8999  6829  2267  38  8816  130  5166  7148  8003  7557  7477  542  9945  2807  8947  8806  830  8954  9193  6138  6607  5702  3114  5610  5954  287  27  3816  167  6243  5445  861  2861  2808  5159  2531  
7207  6598  2438  0  5835  7185  3346  8044  5609  9344  938  5280  4305  6164  487  4838  285  5906  7933  4151  7925  4203  321  7839  8127  8832  7338  2177  6311  8558  6339  6760  5327  6462  8212  213  8822  2287  6389  6325  4067  4601  8380  9599  3120  7408  9525  6678  753  5346  
7868  8781  3075  5835  0  8817  5440  2899  9223  4947  7331  931  2873  4  2074  6745  7897  8165  359  5109  7236  6027  9265  665  31  5854  4619  6996  4793  7500  6613  5563  4233  7947  5696  8885  5338  8878  3019  4790  5035  3108  8591  7646  639  8408  698  7958  8959  3685  
610  802  810  7185  8817  0  202  384  8371  5640  7312  4924  2292  5068  6528  2617  8951  176  5158  14  9331  9046  7635  4713  5248  590  5636  4585  8689  7123  175  7859  6574  6373  4172  2912  3401  5854  9328  445  628  6018  933  5709  7000  940  5834  6797  6054  8314  
24  333  758  3346  5440  202  0  647  8713  4064  8971  2324  9805  4921  6203  3269  2065  771  7491  93  4566  4818  4946  5834  4890  213  8993  7936  3793  4874  947  4816  9361  8610  9050  3278  9375  2971  5192  202  76  6731  182  8759  7122  460  8404  3616  5828  6218  
252  356  790  8044  2899  384  647  0  4807  2209  2410  9925  9860  6784  6409  2608  5967  50  6435  528  4582  3680  8546  9714  3027  829  7648  4463  8242  3408  819  2915  6983  2876  6124  8463  5860  6485  2466  527  568  6005  415  6413  3946  225  3478  4707  8930  7229  
3546  6349  6669  5609  9223  8371  8713  4807  0  287  7546  8298  9374  6521  6874  9258  6056  8450  3121  8792  915  493  9715  9038  6561  6943  6831  5282  322  629  4803  2548  9249  807  8401  8321  7163  567  621  3955  9638  156  3277  372  2788  2118  2201  9319  3783  6686  
5148  6249  3077  9344  4947  5640  4064  2209  287  0  5916  5589  2977  7955  5355  5999  5957  8626  3337  4187  417  4  9380  3226  2368  6858  8028  6991  697  239  2389  3721  3217  923  4639  6848  8059  488  256  2098  5539  819  3539  379  9992  3783  4917  5182  2084  4805  
6915  7970  9752  938  7331  7312  8971  2410  7546  5916  0  6145  6536  7916  24  5908  205  5888  5036  7796  6436  3977  176  8801  7567  4529  3354  4150  8236  7718  9693  9332  8622  9159  9458  493  8601  4803  9255  3737  2013  5274  9659  9807  7464  5893  8633  5316  581  3058  
2195  7715  9548  5280  931  4924  2324  9925  8298  5589  6145  0  7036  163  5233  9498  3971  6841  691  3312  9275  4359  8000  576  776  2504  6597  8381  2074  6586  5503  7356  9607  9195  4895  7328  9619  8883  7005  5536  6592  2362  8564  4582  196  7441  304  5496  9192  3176  
8849  7160  7694  4305  2873  2292  9805  9860  9374  2977  6536  7036  0  4581  8582  181  3941  7473  5404  8913  3414  7351  7847  4529  3236  5898  517  333  8509  8915  8319  200  492  9346  494  4791  698  4966  6799  2372  7888  5956  5906  3413  9259  4711  6442  487  7846  549  
5144  6602  7515  6164  4  5068  4921  6784  6521  7955  7916  163  4581  0  2485  3841  4492  5560  176  3500  5323  8243  6025  990  20  2038  4167  7929  5987  9452  5192  6360  7677  7922  9440  3706  6352  2785  6387  3395  8990  3919  9279  2421  615  8813  237  4867  4748  5790  
3527  9235  8999  487  2074  6528  6203  6409  6874  5355  24  5233  8582  2485  0  8767  948  3132  7483  5797  2805  5836  522  8380  2471  2081  3411  8167  5403  8998  6725  7507  4005  9157  6775  67  4756  5532  5543  8512  6424  5476  5362  9913  3673  5615  3517  8881  131  4360  
7641  8285  6829  4838  6745  2617  3269  2608  9258  5999  5908  9498  181  3841  8767  0  2222  5109  5275  5287  5873  2507  2470  9165  3989  9114  917  355  9096  6264  2388  983  930  7127  827  5250  715  6437  6958  8107  6165  8318  4744  4416  3591  2719  6559  41  2875  625  
9055  7820  2267  285  7897  8951  2065  5967  6056  5957  205  3971  3941  4492  948  2222  0  3720  8808  2065  6110  8617  907  8727  4054  3945  8885  7562  7362  3532  6066  2097  8753  9162  6772  540  6663  2857  6708  9507  5870  2829  9707  4111  9150  8353  8180  4597  167  5170  
882  107  38  5906  8165  176  771  50  8450  8626  5888  6841  7473  5560  3132  5109  3720  0  2133  176  3461  4021  6997  4916  6912  640  7335  4889  7591  7677  637  9967  8009  5062  9167  9272  5325  8770  9562  51  193  3186  748  2110  5775  188  6813  6080  8237  5893  
6984  5977  8816  7933  359  5158  7491  6435  3121  3337  5036  691  5404  176  7483  5275  8808  2133  0  6894  2553  7897  3950  872  221  4659  7649  9262  2408  8437  9692  8383  2418  5813  8152  2664  3940  6659  9972  4812  6824  3638  6657  7445  62  6228  706  4993  6322  7643  
509  415  130  4151  5109  14  93  528  8792  4187  7796  3312  8913  3500  5797  5287  2065  176  6894  0  2974  2233  3356  7398  4826  803  4645  9414  5477  2647  967  9821  3956  9474  7003  6261  5312  4377  7894  178  324  2641  495  3720  2615  849  5039  9534  8554  7148  
2886  7811  5166  7925  7236  9331  4566  4582  915  417  6436  9275  3414  5323  2805  5873  6110  3461  2553  2974  0  659  9215  7493  9952  5036  2460  4450  126  887  8556  8729  3529  552  9096  3408  8896  139  492  4132  4244  401  9269  330  7152  2252  7818  2071  6491  2275  
9600  6959  7148  4203  6027  9046  4818  3680  493  4  3977  4359  7351  8243  5836  2507  8617  4021  7897  2233  659  0  8760  7730  8973  6768  9867  3949  192  971  7142  7495  8300  469  5811  9971  7493  586  439  6842  2809  463  7547  592  6122  2031  6682  7506  2496  4450  
9029  3115  8003  321  9265  7635  4946  8546  9715  9380  176  8000  7847  6025  522  2470  907  6997  3950  3356  9215  8760  0  8598  3660  3045  8940  4101  5818  2961  5852  5214  3171  5108  5254  866  8726  5730  2849  7477  2538  6343  8387  2148  2529  3518  4648  2016  75  2236  
4398  6819  7557  7839  665  4713  5834  9714  9038  3226  8801  576  4529  990  8380  9165  8727  4916  872  7398  7493  7730  8598  0  172  5652  8631  3185  6490  8824  7449  8641  5078  6016  3779  2833  6998  8153  9267  4387  3609  6648  4587  3813  699  9301  682  8559  9113  3344  
6361  9872  7477  8127  31  5248  4890  3027  6561  2368  7567  776  3236  20  2471  3989  4054  6912  221  4826  9952  8973  3660  172  0  7770  6852  2991  2621  9443  6288  2031  8760  6389  6645  6386  8545  3627  4590  2981  5821  3513  6621  7252  127  6597  331  3023  3614  6245  
38  539  542  8832  5854  590  213  829  6943  6858  4529  2504  5898  2038  2081  9114  3945  640  4659  803  5036  6768  3045  5652  7770  0  3676  6387  3288  6224  198  9409  2211  7025  7155  2776  3463  7415  8420  889  388  9792  314  3939  5877  352  7274  3151  2946  5942  
5605  6565  9945  7338  4619  5636  8993  7648  6831  8028  3354  6597  517  4167  3411  917  8885  7335  7649  4645  2460  9867  8940  8631  6852  3676  0  241  5422  3978  9107  809  471  2964  767  8985  400  4560  4863  4567  2488  5124  9984  8219  8741  8729  3028  326  2453  120  
4038  5574  2807  2177  6996  4585  7936  4463  5282  6991  4150  8381  333  7929  8167  355  7562  4889  9262  9414  4450  3949  4101  3185  2991  6387  241  0  7579  4588  9847  669  591  7538  358  2004  696  2260  5912  2199  5460  2461  2317  8993  3986  2694  3496  938  7568  938  
6373  9013  8947  6311  4793  8689  3793  8242  322  697  8236  2074  8509  5987  5403  9096  7362  7591  2408  5477  126  192  5818  6490  2621  3288  5422  7579  0  636  2690  2021  9242  277  9293  2471  4694  427  218  6934  2696  457  3397  497  6047  3107  9692  4593  2553  9539  
6754  3706  8806  8558  7500  7123  4874  3408  629  239  7718  6586  8915  9452  8998  6264  3532  7677  8437  2647  887  971  2961  8824  9443  6224  3978  4588  636  0  7522  5680  5105  856  2738  8937  8792  64  118  2864  9398  366  6502  618  7663  3694  2056  8159  4244  5706  
249  479  830  6339  6613  175  947  819  4803  2389  9693  5503  8319  5192  6725  2388  6066  637  9692  967  8556  7142  5852  7449  6288  198  9107  9847  2690  7522  0  3313  4090  7848  4553  6132  9180  9720  6460  212  720  4533  885  6075  4817  150  5419  4331  9275  9138  
8540  9111  8954  6760  5563  7859  4816  2915  2548  3721  9332  7356  200  6360  7507  983  2097  9967  8383  9821  8729  7495  5214  8641  2031  9409  809  669  2021  5680  3313  0  486  7467  592  6570  126  6869  8674  5413  6160  9635  6694  5312  9542  7098  7869  27  5378  921  
3918  4331  9193  5327  4233  6574  9361  6983  9249  3217  8622  9607  492  7677  4005  930  8753  8009  2418  3956  3529  8300  3171  5078  8760  2211  471  591  9242  5105  4090  486  0  5126  311  3258  973  2230  8294  4558  7039  2824  2296  5692  6273  9155  8915  170  4144  628  
6671  6411  6138  6462  7947  6373  8610  2876  807  923  9159  9195  9346  7922  9157  7127  9162  5062  5813  9474  552  469  5108  6016  6389  7025  2964  7538  277  856  7848  7467  5126  0  3516  9890  7479  508  346  2437  8345  114  4978  100  8986  9736  8442  9030  4337  2956  
6429  2282  6607  8212  5696  4172  9050  6124  8401  4639  9458  4895  494  9440  6775  827  6772  9167  8152  7003  9096  5811  5254  3779  6645  7155  767  358  9293  2738  4553  592  311  3516  0  4402  584  7033  2551  6489  9174  3487  3726  4140  8423  2540  4575  777  7718  956  
9544  3898  5702  213  8885  2912  3278  8463  8321  6848  493  7328  4791  3706  67  5250  540  9272  2664  6261  3408  9971  866  2833  6386  2776  8985  2004  2471  8937  6132  6570  3258  9890  4402  0  8166  7902  2205  7381  2765  7468  3990  6301  2986  9133  7698  3886  908  5150  
9659  7124  3114  8822  5338  3401  9375  5860  7163  8059  8601  9619  698  6352  4756  715  6663  5325  3940  5312  8896  7493  8726  6998  8545  3463  400  696  4694  8792  9180  126  973  7479  584  8166  0  4453  3230  4715  4277  6412  9880  7306  2285  3723  6585  677  4517  670  
2359  5529  5610  2287  8878  5854  2971  6485  567  488  4803  8883  4966  2785  5532  6437  2857  8770  6659  4377  139  586  5730  8153  3627  7415  4560  2260  427  64  9720  6869  2230  508  7033  7902  4453  0  280  7155  2440  858  3435  666  8586  3185  6160  8865  2531  9274  
3683  3658  5954  6389  3019  9328  5192  2466  621  256  9255  7005  6799  6387  5543  6958  6708  9562  9972  7894  492  439  2849  9267  4590  8420  4863  5912  218  118  6460  8674  8294  346  2551  2205  3230  280  0  8877  4012  36  9431  222  4059  7508  8140  9708  4717  5431  
843  784  287  6325  4790  445  202  527  3955  2098  3737  5536  2372  3395  8512  8107  9507  51  4812  178  4132  6842  7477  4387  2981  889  4567  2199  6934  2864  212  5413  4558  2437  6489  7381  4715  7155  8877  0  770  4297  869  2296  9105  904  3233  4982  7972  7827  
852  135  27  4067  5035  628  76  568  9638  5539  2013  6592  7888  8990  6424  6165  5870  193  6824  324  4244  2809  2538  3609  5821  388  2488  5460  2696  9398  720  6160  7039  8345  9174  2765  4277  2440  4012  770  0  8481  237  8217  5001  122  2994  4917  8916  4666  
2552  5638  3816  4601  3108  6018  6731  6005  156  819  5274  2362  5956  3919  5476  8318  2829  3186  3638  2641  401  463  6343  6648  3513  9792  5124  2461  457  366  4533  9635  2824  114  3487  7468  6412  858  36  4297  8481  0  5131  617  9946  8152  7200  9280  5374  8262  
925  311  167  8380  8591  933  182  415  3277  3539  9659  8564  5906  9279  5362  4744  9707  748  6657  495  9269  7547  8387  4587  6621  314  9984  2317  3397  6502  885  6694  2296  4978  3726  3990  9880  3435  9431  869  237  5131  0  7252  7508  607  8739  3376  4487  7408  
8644  7985  6243  9599  7646  5709  8759  6413  372  379  9807  4582  3413  2421  9913  4416  4111  2110  7445  3720  330  592  2148  3813  7252  3939  8219  8993  497  618  6075  5312  5692  100  4140  6301  7306  666  222  2296  8217  617  7252  0  3819  4949  2364  3279  3489  7265  
8192  4602  5445  3120  639  7000  7122  3946  2788  9992  7464  196  9259  615  3673  3591  9150  5775  62  2615  7152  6122  2529  699  127  5877  8741  3986  6047  7663  4817  9542  6273  8986  8423  2986  2285  8586  4059  9105  5001  9946  7508  3819  0  7638  688  6666  2792  5996  
324  415  861  7408  8408  940  460  225  2118  3783  5893  7441  4711  8813  5615  2719  8353  188  6228  849  2252  2031  3518  9301  6597  352  8729  2694  3107  3694  150  7098  9155  9736  2540  9133  3723  3185  7508  904  122  8152  607  4949  7638  0  6713  9296  3977  2171  
3895  8659  2861  9525  698  5834  8404  3478  2201  4917  8633  304  6442  237  3517  6559  8180  6813  706  5039  7818  6682  4648  682  331  7274  3028  3496  9692  2056  5419  7869  8915  8442  4575  7698  6585  6160  8140  3233  2994  7200  8739  2364  688  6713  0  4499  9309  2442  
7458  5955  2808  6678  7958  6797  3616  4707  9319  5182  5316  5496  487  4867  8881  41  4597  6080  4993  9534  2071  7506  2016  8559  3023  3151  326  938  4593  8159  4331  27  170  9030  777  3886  677  8865  9708  4982  4917  9280  3376  3279  6666  9296  4499  0  4017  483  
6790  2756  5159  753  8959  6054  5828  8930  3783  2084  581  9192  7846  4748  131  2875  167  8237  6322  8554  6491  2496  75  9113  3614  2946  2453  7568  2553  4244  9275  5378  4144  4337  7718  908  4517  2531  4717  7972  8916  5374  4487  3489  2792  3977  9309  4017  0  7347  
9522  6865  2531  5346  3685  8314  6218  7229  6686  4805  3058  3176  549  5790  4360  625  5170  5893  7643  7148  2275  4450  2236  3344  6245  5942  120  938  9539  5706  9138  921  628  2956  956  5150  670  9274  5431  7827  4666  8262  7408  7265  5996  2171  2442  483  7347  0  
