50
10
0  5008  269  859  822  6364  9183  8820  5136  9469  4669  538  3566  3438  5555  169  8907  6373  4055  483  7927  4394  9692  2795  4412  3114  5683  7563  6941  2461  6127  3631  5669  4388  4097  3737  2639  7035  9294  7000  6509  6989  246  3396  8585  4787  2241  3307  6661  3991  
5008  0  3081  9828  5872  5653  6157  8643  2841  2520  9096  5472  6319  9579  7040  4155  3209  6713  8469  2442  4450  9745  2275  9156  9706  6482  2955  8730  9980  8371  7200  5896  4129  7401  6823  3219  5220  2885  3101  2815  8841  3665  8419  7458  2783  9337  256  7611  8472  6439  
269  3081  0  60  787  9233  6554  9426  4942  6611  6375  857  7336  4320  5153  198  6089  8328  3233  165  4192  8373  5138  7446  2483  2240  3909  5966  2613  7393  8320  9816  2496  5115  5773  8119  6123  8158  2283  3870  8215  7398  36  2624  7177  5970  5013  3694  3834  6420  
859  9828  60  0  407  4723  5490  7954  4436  4964  9545  827  7553  8985  2899  577  8093  8392  5685  624  6574  2318  9770  9395  9304  6981  7146  9790  7075  9992  8735  2581  5735  2506  9014  4721  7260  7008  5802  8249  6752  4213  946  7167  4771  6151  9395  2519  2905  3222  
822  5872  787  407  0  3572  7931  4780  3618  5632  3197  384  4586  5639  5377  718  5295  2180  2215  258  5637  5321  6495  7998  9670  9333  5514  3919  2658  3534  4757  9557  3299  5187  9902  7788  7418  2743  8099  6795  7427  6577  235  6427  2229  5833  3727  2199  3862  6916  
6364  5653  9233  4723  3572  0  48  4829  9273  6557  6899  2881  2079  9367  8092  3725  8316  9429  3876  4234  2724  9978  4822  8180  3728  6531  10000  3093  2373  9945  7333  2451  7175  3566  3660  3109  9246  5098  611  9156  7219  3441  5117  4797  4913  6628  2041  6224  8909  339  
9183  6157  6554  5490  7931  48  0  2532  9626  2278  9968  3392  3648  8813  5347  7158  5171  6161  3713  8376  8438  8207  4715  4698  3490  6009  6197  3129  5863  8370  5639  4822  6787  3111  6653  9476  6915  9273  465  2466  2396  5214  4961  6272  3377  9780  5795  2516  8319  287  
8820  8643  9426  7954  4780  4829  2532  0  7012  2421  874  4473  2829  6623  8514  2329  315  7343  8972  2909  8432  2285  9072  3090  2171  7931  3580  3356  9233  220  4005  7494  2713  6328  4041  5834  3734  3903  4186  5533  7653  923  2456  3198  7258  9420  6732  3806  9834  7888  
5136  2841  4942  4436  3618  9273  9626  7012  0  7500  9328  4781  9826  5532  765  8489  9681  8358  7188  7430  6466  3506  8544  4964  7256  3013  6980  634  256  3484  9504  4082  4560  7855  5361  2779  9403  4479  9950  3595  2102  8211  3314  2980  7188  398  7686  9364  9723  3385  
9469  2520  6611  4964  5632  6557  2278  2421  7500  0  4839  9600  7564  398  5354  3336  6625  7710  5184  6709  7411  7824  321  5127  440  7479  2033  9698  9987  4990  3110  8012  546  9977  5132  385  402  6804  7683  7110  8372  6492  4872  7839  3325  8724  3121  8691  2971  8720  
4669  9096  6375  9545  3197  6899  9968  874  9328  4839  0  4873  7850  5983  2366  9232  129  7477  8955  7165  9798  9572  7188  3751  6811  8221  6526  8139  3583  481  2421  7004  8374  7326  8523  3977  2531  4502  5182  9958  3411  673  5381  3593  7675  9805  4079  6501  2042  8917  
538  5472  857  827  384  2881  3392  4473  4781  9600  4873  0  2918  3535  3435  201  3490  3267  9776  768  4828  4437  9029  2775  6472  4845  8633  8093  2276  2995  2891  3545  7642  6836  7471  9846  4079  5209  4282  5443  7990  7490  267  5471  7925  7714  5753  7838  6327  7871  
3566  6319  7336  7553  4586  2079  3648  2829  9826  7564  7850  2918  0  8249  7762  5948  7189  280  2189  5887  2318  2025  3053  6080  6855  3695  374  8182  8368  2861  579  3865  9984  9596  3700  9421  2610  192  9798  9092  6401  6369  5656  9650  6909  7393  9187  6093  5827  7233  
3438  9579  4320  8985  5639  9367  8813  6623  5532  398  5983  3535  8249  0  8268  2084  6446  8073  9697  3702  9123  2689  772  4166  462  9255  4286  2474  2095  6027  7235  2728  628  2081  3255  94  336  2597  8290  3901  7788  7846  6985  3626  2480  5940  2537  7809  2655  4438  
5555  7040  5153  2899  5377  8092  5347  8514  765  5354  2366  3435  7762  8268  0  3617  6211  6036  5758  8967  9744  8128  6215  2310  3080  4088  2186  184  106  3864  6303  9552  9670  3702  5066  3258  9638  8162  4337  8093  7091  5985  4038  6446  7414  553  5871  3524  2543  8417  
169  4155  198  577  718  3725  7158  2329  8489  3336  9232  201  5948  2084  3617  0  4543  6248  3540  865  9756  7713  6400  4347  2107  6944  2773  7615  5527  5023  2310  6837  9412  4978  5592  7815  8451  9549  3705  4075  4538  5637  419  5492  9940  7619  5620  9381  8559  7314  
8907  3209  6089  8093  5295  8316  5171  315  9681  6625  129  3490  7189  6446  6211  4543  0  3181  8628  9958  9830  3810  2982  2119  4982  5350  5819  8967  9043  886  3033  6879  3239  7737  7083  8095  3086  3227  5074  8360  4646  951  9739  7251  3884  8177  7929  9611  2052  9623  
6373  6713  8328  8392  2180  9429  6161  7343  8358  7710  7477  3267  280  8073  6036  6248  3181  0  8288  8674  6878  7164  5245  6132  9231  8780  4  6743  2849  8419  369  3908  7825  9451  4128  9048  4120  318  7814  8121  9749  7085  8909  2768  6312  9009  7434  7556  5417  4543  
4055  8469  3233  5685  2215  3876  3713  8972  7188  5184  8955  9776  2189  9697  5758  3540  8628  8288  0  7947  863  4897  2417  2280  9624  5102  4201  2045  5925  7347  7295  5913  9793  4184  8998  9887  8848  6139  5506  438  5065  5845  6419  3518  6652  7467  8718  8858  8376  9618  
483  2442  165  624  258  4234  8376  2909  7430  6709  7165  768  5887  3702  8967  865  9958  8674  7947  0  5720  5944  4174  4618  4683  9234  4579  3553  7364  3680  9179  2696  2486  9424  6006  3379  4388  3436  6404  5393  4707  7861  715  9645  9911  3322  9082  7414  6180  7505  
7927  4450  4192  6574  5637  2724  8438  8432  6466  7411  9798  4828  2318  9123  9744  9756  9830  6878  863  5720  0  5784  5205  8104  5658  2763  3952  9498  2601  3776  8212  2126  8707  9954  9347  6823  5061  8129  2690  264  3032  4217  7798  7919  7659  3163  8054  6001  2802  8000  
4394  9745  8373  2318  5321  9978  8207  2285  3506  7824  9572  4437  2025  2689  8128  7713  3810  7164  4897  5944  5784  0  3038  9575  5595  372  4613  7657  4130  7049  2837  168  8735  3605  3177  6540  7860  6117  6115  2014  5685  3779  7970  731  448  8246  2134  302  7702  3410  
9692  2275  5138  9770  6495  4822  4715  9072  8544  321  7188  9029  3053  772  6215  6400  2982  5245  2417  4174  5205  3038  0  2624  719  2881  8789  9047  3426  2519  7174  7936  466  4548  6931  118  801  6324  3540  2508  2892  8241  2357  5163  8685  3373  9916  8713  3002  6340  
2795  9156  7446  9395  7998  8180  4698  3090  4964  5127  3751  2775  6080  4166  2310  4347  2119  6132  2280  4618  8104  9575  2624  0  2598  5738  8041  2010  5699  5611  5183  2837  2460  167  548  5765  9773  2914  7479  3623  854  2184  5613  4367  9340  6714  8320  2997  747  8990  
4412  9706  2483  9304  9670  3728  3490  2171  7256  440  6811  6472  6855  462  3080  2107  4982  9231  9624  4683  5658  5595  719  2598  0  7173  8826  7787  8502  2743  3441  3753  730  2303  4169  672  836  4490  3546  3283  4140  4449  5202  7789  9771  8105  8591  4677  9231  2603  
3114  6482  2240  6981  9333  6531  6009  7931  3013  7479  8221  4845  3695  9255  4088  6944  5350  8780  5102  9234  2763  372  2881  5738  7173  0  8517  4618  2828  8338  8562  400  8691  4195  5174  5032  9915  8556  7957  6737  6147  6871  5114  921  979  9612  5523  844  8761  6989  
5683  2955  3909  7146  5514  10000  6197  3580  6980  2033  6526  8633  374  4286  2186  2773  5819  4  4201  4579  3952  4613  8789  8041  8826  8517  0  3080  7021  7130  880  8206  9292  3588  2948  6555  6685  434  5127  9501  4845  3841  4031  8098  2755  3319  5914  6824  5871  2863  
7563  8730  5966  9790  3919  3093  3129  3356  634  9698  8139  8093  8182  2474  184  7615  8967  6743  2045  3553  9498  7657  9047  2010  7787  4618  3080  0  62  7798  6104  3067  5902  4780  9112  9757  5413  7043  8799  9077  4435  9728  9530  6025  5529  255  4332  5360  9752  4180  
6941  9980  2613  7075  2658  2373  5863  9233  256  9987  3583  2276  8368  2095  106  5527  9043  2849  5925  7364  2601  4130  3426  5699  8502  2828  7021  62  0  8970  9117  5496  6294  8580  8340  2451  3648  8609  7732  4265  3958  4579  2862  5186  3558  691  7279  8815  9025  7932  
2461  8371  7393  9992  3534  9945  8370  220  3484  4990  481  2995  2861  6027  3864  5023  886  8419  7347  3680  3776  7049  2519  5611  2743  8338  7130  7798  8970  0  2399  4549  8182  3612  5016  6682  3837  5926  2321  9970  7189  384  2708  6056  2436  8680  8684  5080  7068  9683  
6127  7200  8320  8735  4757  7333  5639  4005  9504  3110  2421  2891  579  7235  6303  2310  3033  369  7295  9179  8212  2837  7174  5183  3441  8562  880  6104  9117  2399  0  2145  2956  3864  7524  7521  3483  125  5202  3539  8986  5045  3411  3485  4389  5398  4734  2337  5677  6875  
3631  5896  9816  2581  9557  2451  4822  7494  4082  8012  7004  3545  3865  2728  9552  6837  6879  3908  5913  2696  2126  168  7936  2837  3753  400  8206  3067  5496  4549  2145  0  3604  7594  2375  4378  4834  7481  7825  6961  8837  2453  7196  883  617  8754  6146  312  2501  9680  
5669  4129  2496  5735  3299  7175  6787  2713  4560  546  8374  7642  9984  628  9670  9412  3239  7825  9793  2486  8707  8735  466  2460  730  8691  9292  5902  6294  8182  2956  3604  0  6002  3814  640  851  8377  6735  6722  7634  2436  5842  8263  9049  9390  2852  3849  3116  8892  
4388  7401  5115  2506  5187  3566  3111  6328  7855  9977  7326  6836  9596  2081  3702  4978  7737  9451  4184  9424  9954  3605  4548  167  2303  4195  3588  4780  8580  3612  3864  7594  6002  0  411  8566  2727  7743  7827  9881  588  4754  6233  2263  2601  6213  8227  3412  167  2126  
4097  6823  5773  9014  9902  3660  6653  4041  5361  5132  8523  7471  3700  3255  5066  5592  7083  4128  8998  6006  9347  3177  6931  548  4169  5174  2948  9112  8340  5016  7524  2375  3814  411  0  2071  5319  2783  8885  9002  390  9816  4885  7476  4373  4987  7980  6578  682  9092  
3737  3219  8119  4721  7788  3109  9476  5834  2779  385  3977  9846  9421  94  3258  7815  8095  9048  9887  3379  6823  6540  118  5765  672  5032  6555  9757  2451  6682  7521  4378  640  8566  2071  0  546  5080  9110  2988  9776  6886  3812  5211  4270  2125  7237  2148  3308  7095  
2639  5220  6123  7260  7418  9246  6915  3734  9403  402  2531  4079  2610  336  9638  8451  3086  4120  8848  4388  5061  7860  801  9773  836  9915  6685  5413  3648  3837  3483  4834  851  2727  5319  546  0  5879  4334  3463  5166  2162  8246  9919  9423  3323  4088  3909  7512  9821  
7035  2885  8158  7008  2743  5098  9273  3903  4479  6804  4502  5209  192  2597  8162  9549  3227  318  6139  3436  8129  6117  6324  2914  4490  8556  434  7043  8609  5926  125  7481  8377  7743  2783  5080  5879  0  8011  3832  7719  4160  4942  9741  5299  2164  6715  4743  6765  4431  
9294  3101  2283  5802  8099  611  465  4186  9950  7683  5182  4282  9798  8290  4337  3705  5074  7814  5506  6404  2690  6115  3540  7479  3546  7957  5127  8799  7732  2321  5202  7825  6735  7827  8885  9110  4334  8011  0  2527  5762  9494  3241  5310  5931  9929  7849  9747  6718  480  
7000  2815  3870  8249  6795  9156  2466  5533  3595  7110  9958  5443  9092  3901  8093  4075  8360  8121  438  5393  264  2014  2508  3623  3283  6737  9501  9077  4265  9970  3539  6961  6722  9881  9002  2988  3463  3832  2527  0  3676  2231  9748  7895  6259  9507  7778  8845  3576  5237  
6509  8841  8215  6752  7427  7219  2396  7653  2102  8372  3411  7990  6401  7788  7091  4538  4646  9749  5065  4707  3032  5685  2892  854  4140  6147  4845  4435  3958  7189  8986  8837  7634  588  390  9776  5166  7719  5762  3676  0  5207  3810  2274  9853  8777  7046  4143  746  3902  
6989  3665  7398  4213  6577  3441  5214  923  8211  6492  673  7490  6369  7846  5985  5637  951  7085  5845  7861  4217  3779  8241  2184  4449  6871  3841  9728  4579  384  5045  2453  2436  4754  9816  6886  2162  4160  9494  2231  5207  0  8972  3280  2350  5928  5292  8210  5474  5144  
246  8419  36  946  235  5117  4961  2456  3314  4872  5381  267  5656  6985  4038  419  9739  8909  6419  715  7798  7970  2357  5613  5202  5114  4031  9530  2862  2708  3411  7196  5842  6233  4885  3812  8246  4942  3241  9748  3810  8972  0  5496  5372  8102  6531  5304  8244  5494  
3396  7458  2624  7167  6427  4797  6272  3198  2980  7839  3593  5471  9650  3626  6446  5492  7251  2768  3518  9645  7919  731  5163  4367  7789  921  8098  6025  5186  6056  3485  883  8263  2263  7476  5211  9919  9741  5310  7895  2274  3280  5496  0  25  2173  7106  697  4739  6808  
8585  2783  7177  4771  2229  4913  3377  7258  7188  3325  7675  7925  6909  2480  7414  9940  3884  6312  6652  9911  7659  448  8685  9340  9771  979  2755  5529  3558  2436  4389  617  9049  2601  4373  4270  9423  5299  5931  6259  9853  2350  5372  25  0  5728  8279  917  3384  9124  
4787  9337  5970  6151  5833  6628  9780  9420  398  8724  9805  7714  7393  5940  553  7619  8177  9009  7467  3322  3163  8246  3373  6714  8105  9612  3319  255  691  8680  5398  8754  9390  6213  4987  2125  3323  2164  9929  9507  8777  5928  8102  2173  5728  0  5324  5043  7543  5058  
2241  256  5013  9395  3727  2041  5795  6732  7686  3121  4079  5753  9187  2537  5871  5620  7929  7434  8718  9082  8054  2134  9916  8320  8591  5523  5914  4332  7279  8684  4734  6146  2852  8227  7980  7237  4088  6715  7849  7778  7046  5292  6531  7106  8279  5324  0  5446  6421  9906  
3307  7611  3694  2519  2199  6224  2516  3806  9364  8691  6501  7838  6093  7809  3524  9381  9611  7556  8858  7414  6001  302  8713  2997  4677  844  6824  5360  8815  5080  2337  312  3849  3412  6578  2148  3909  4743  9747  8845  4143  8210  5304  697  917  5043  5446  0  5962  4193  
6661  8472  3834  2905  3862  8909  8319  9834  9723  2971  2042  6327  5827  2655  2543  8559  2052  5417  8376  6180  2802  7702  3002  747  9231  8761  5871  9752  9025  7068  5677  2501  3116  167  682  3308  7512  6765  6718  3576  746  5474  8244  4739  3384  7543  6421  5962  0  3322  
3991  6439  6420  3222  6916  339  287  7888  3385  8720  8917  7871  7233  4438  8417  7314  9623  4543  9618  7505  8000  3410  6340  8990  2603  6989  2863  4180  7932  9683  6875  9680  8892  2126  9092  7095  9821  4431  480  5237  3902  5144  5494  6808  9124  5058  9906  4193  3322  0  
