50
5
0  8676  8720  689  3110  7147  185  3414  9632  6734  2809  8997  7102  8804  5194  3438  3917  5125  2832  4039  8792  2582  894  4629  8069  9418  8443  468  9302  4940  6134  32  6649  41  5673  9752  1  8107  9895  9474  7710  2267  680  136  8219  2031  2928  8040  7560  4498  
8676  0  8872  6812  81  5621  8046  9375  8664  8976  6529  3044  5694  8286  2772  861  2155  46  295  7053  614  555  4949  3531  2198  5827  3632  3381  3439  6872  8456  5147  4452  9683  8674  9793  9024  4733  6641  6280  6516  756  3692  3201  565  170  505  765  83  2452  
8720  8872  0  6145  9890  9589  8231  547  6312  239  7913  7263  4524  265  5063  7216  76  2234  8589  9303  5365  8442  6676  9078  4139  194  3984  3955  5429  703  8771  6984  7970  6271  4247  6991  6659  859  6566  2397  979  2821  8085  2006  7802  9032  3011  9194  8576  8293  
689  6812  6145  0  7577  3738  361  5598  2316  3751  9534  9869  6068  6242  9142  4116  3704  3378  5421  9921  4658  2414  686  2045  4332  5793  8720  502  7064  9217  7713  230  2377  814  6282  8725  748  5560  7035  2007  5852  3473  693  497  8411  5723  2052  6197  9535  4676  
3110  81  9890  7577  0  6099  3662  7594  2646  9573  2558  4161  8873  4392  8572  439  8094  334  198  6749  633  519  5811  3108  4788  9353  4141  9126  6973  7320  6423  2951  5576  2870  5632  6973  4751  7085  6340  6361  9603  272  2696  3329  940  761  487  396  760  2672  
7147  5621  9589  3738  6099  0  7126  8779  9639  4152  4  2137  255  2288  249  4321  7405  4175  6877  396  5943  2105  6496  803  493  6066  9485  6199  671  9567  8611  8022  2058  8034  545  5166  2267  8356  418  5247  4910  6976  8781  3025  3695  7386  9199  7160  3525  3074  
185  8046  8231  361  3662  7126  0  3208  3448  3478  5934  4425  2014  3510  5428  7584  7686  9255  2710  7906  4615  3113  274  6699  5443  5128  9378  376  5109  4139  4726  205  5302  195  9410  6645  715  9719  7354  2739  9241  3974  330  850  5123  8175  4115  5043  4634  5255  
3414  9375  547  5598  7594  8779  3208  0  5588  318  6536  8186  7021  195  5792  7849  168  3800  7099  8435  9149  2710  4312  5744  5913  487  2828  7766  7656  754  5801  4754  3508  7729  5833  7350  3186  689  3913  9890  236  6094  2644  6665  9003  5935  8635  5127  4300  7522  
9632  8664  6312  2316  2646  9639  3448  5588  0  2464  5991  76  3234  4502  7112  9404  7839  7382  4217  5301  2288  5882  3170  2197  6885  2749  201  3356  6562  6274  344  3125  631  3249  9297  809  8276  8352  3800  2  3809  9238  9011  9297  8196  8559  3723  3417  5045  991  
6734  8976  239  3751  9573  4152  3478  318  2464  0  8679  9954  8576  938  8750  4429  693  4131  4156  8834  3094  9390  9989  3602  6115  585  9170  7487  2620  872  3920  5737  3261  4456  3774  3479  4233  825  3209  3481  326  9419  7917  9661  4982  9772  9250  3487  3001  6559  
2809  6529  7913  9534  2558  4  5934  6536  5991  8679  0  6063  172  4429  805  7786  9872  9660  4709  725  8085  6241  7321  281  234  2222  3511  9982  224  2858  5867  5202  6263  6173  508  2916  4432  5137  277  8657  4639  6151  4172  3835  7532  4340  2842  9456  9841  2614  
8997  3044  7263  9869  4161  2137  4425  8186  76  9954  6063  0  6456  6147  6349  5350  4024  2380  3495  6190  2423  6972  3791  5418  6723  2006  656  2932  9507  9244  640  6269  90  6658  6907  912  5811  5590  8862  527  4144  5984  2856  9988  2107  8356  5897  6308  3783  481  
7102  5694  4524  6068  8873  255  2014  7021  3234  8576  172  6456  0  2183  77  4324  4886  2000  3352  439  8345  4435  9479  419  128  2977  3722  4781  182  4390  3488  7870  4906  7405  827  5082  5892  7925  372  8018  4310  5544  5547  8735  7608  5341  8879  3223  5076  7799  
8804  8286  265  6242  4392  2288  3510  195  4502  938  4429  6147  2183  0  3247  3423  48  4460  6894  8241  3913  6251  9863  8036  8258  484  8926  9565  7220  722  7460  7684  4104  2911  2211  2274  7465  501  5203  2208  680  7579  9372  5273  5584  3690  9584  5026  7190  3195  
5194  2772  5063  9142  8572  249  5428  5792  7112  8750  805  6349  77  3247  0  8886  8552  6868  8594  445  6653  3823  2427  896  394  4823  2411  6569  885  3670  6597  8842  8244  9876  420  3898  8848  4859  319  4875  6772  8998  4582  7494  7580  8535  5682  8157  2804  6601  
3438  861  7216  4116  439  4321  7584  7849  9404  4429  7786  5350  4324  3423  8886  0  3882  99  399  8790  544  787  7784  8795  6047  8064  5934  8974  6202  4484  6422  8268  4326  9096  9093  5899  3249  7917  3253  5984  3303  321  5234  9838  229  573  557  735  614  7614  
3917  2155  76  3704  8094  7405  7686  168  7839  693  9872  4024  4886  48  8552  3882  0  3906  4272  7901  6761  8487  3222  7277  3363  438  8142  6088  5606  168  5394  8407  5446  7399  8322  9983  8815  402  9042  2898  20  4662  3173  4416  4195  7145  6748  6818  2960  8288  
5125  46  2234  3378  334  4175  9255  3800  7382  4131  9660  2380  2000  4460  6868  99  3906  0  270  6301  88  594  6903  5917  2668  3296  3120  9357  9821  5635  9076  3215  9777  8157  7137  5821  9952  9525  7192  3913  5115  430  7484  4460  456  232  603  57  794  2406  
2832  295  8589  5421  198  6877  2710  7099  4217  4156  4709  3495  3352  6894  8594  399  4272  270  0  3949  138  93  5790  8453  7035  3271  9197  8629  9133  7233  5392  6981  4699  6908  6325  2811  7616  6074  7015  6457  2373  819  2342  6760  139  62  659  842  999  6999  
4039  7053  9303  9921  6749  396  7906  8435  5301  8834  725  6190  439  8241  445  8790  7901  6301  3949  0  3235  3463  2231  12  695  9759  4811  3093  281  6667  9110  2046  4125  5561  447  2123  8270  9466  834  5711  2292  8873  8780  4022  6616  2708  9854  9428  9508  9688  
8792  614  5365  4658  633  5943  4615  9149  2288  3094  8085  2423  8345  3913  6653  544  6761  88  138  3235  0  424  3263  6628  7796  4672  4175  4372  5760  6287  9750  7711  7463  3432  4405  7124  5908  8230  2581  8879  4792  226  3729  6964  9  779  679  447  23  6353  
2582  555  8442  2414  519  2105  3113  2710  5882  9390  6241  6972  4435  6251  3823  787  8487  594  93  3463  424  0  6230  9949  2809  6816  9286  7855  6300  4395  9074  6353  7122  5113  7656  6494  5516  9712  6018  3787  5075  186  6874  6287  220  340  570  614  642  8034  
894  4949  6676  686  5811  6496  274  4312  3170  9989  7321  3791  9479  9863  2427  7784  3222  6903  5790  2231  3263  6230  0  7911  3061  6794  8608  848  9682  8994  3779  674  2847  443  2060  4940  238  6685  4011  3217  5447  3329  999  776  5577  7877  3403  8772  7398  7441  
4629  3531  9078  2045  3108  803  6699  5744  2197  3602  281  5418  419  8036  896  8795  7277  5917  8453  12  6628  9949  7911  0  793  7485  3547  5658  297  6767  5119  8410  3746  8082  952  7281  3796  9679  580  4592  9825  7247  9350  7435  4776  8126  4982  8140  3700  6177  
8069  2198  4139  4332  4788  493  5443  5913  6885  6115  234  6723  128  8258  394  6047  3363  2668  7035  695  7796  2809  3061  793  0  3847  6696  5116  949  6085  2012  4696  3116  5268  729  3265  8331  3445  871  5882  8536  5837  4067  9901  9290  2590  8356  8404  8640  6738  
9418  5827  194  5793  9353  6066  5128  487  2749  585  2222  2006  2977  484  4823  8064  438  3296  3271  9759  4672  6816  6794  7485  3847  0  6861  5993  5783  327  5870  8857  9426  2036  7375  9717  7083  761  4424  2844  634  4809  2523  7555  9288  4369  4976  4209  8936  3784  
8443  3632  3984  8720  4141  9485  9378  2828  201  9170  3511  656  3722  8926  2411  5934  8142  3120  9197  4811  4175  9286  8608  3547  6696  6861  0  2929  7775  7520  277  5511  195  2877  6746  27  5481  7811  5275  820  9795  2826  6036  4598  4875  6891  5629  2795  7468  402  
468  3381  3955  502  9126  6199  376  7766  3356  7487  9982  2932  4781  9565  6569  8974  6088  9357  8629  3093  4372  7855  848  5658  5116  5993  2929  0  7591  3735  5060  600  7760  494  7516  5521  892  2713  9680  5091  4167  2842  806  994  7167  2029  8443  3224  8431  5732  
9302  3439  5429  7064  6973  671  5109  7656  6562  2620  224  9507  182  7220  885  6202  5606  9821  9133  281  5760  6300  9682  297  949  5783  7775  7591  0  8527  9627  9687  9563  9143  115  5743  2596  5715  397  6733  3189  8337  8655  2803  7860  3076  5950  7514  6893  7788  
4940  6872  703  9217  7320  9567  4139  754  6274  872  2858  9244  4390  722  3670  4484  168  5635  7233  6667  6287  4395  8994  6767  6085  327  7520  3735  8527  0  5321  9537  9151  9317  3652  2524  5955  907  5201  7786  777  6028  5263  7447  8230  6886  7408  5511  3532  8956  
6134  8456  8771  7713  6423  8611  4726  5801  344  3920  5867  640  3488  7460  6597  6422  5394  9076  5392  9110  9750  9074  3779  5119  2012  5870  277  5060  9627  5321  0  3200  113  4447  2475  218  8871  4795  4036  389  4682  7459  3530  4152  9539  5099  6551  8223  9366  72  
32  5147  6984  230  2951  8022  205  4754  3125  5737  5202  6269  7870  7684  8842  8268  8407  3215  6981  2046  7711  6353  674  8410  4696  8857  5511  600  9687  9537  3200  0  7789  898  4871  4459  419  8795  4220  3070  6859  8631  841  933  8749  5252  6581  5428  2376  7991  
6649  4452  7970  2377  5576  2058  5302  3508  631  3261  6263  90  4906  4104  8244  4326  5446  9777  4699  4125  7463  7122  2847  3746  3116  9426  195  7760  9563  9151  113  7789  0  3258  9669  822  2836  6322  2700  158  2384  4841  5408  5512  8332  8161  7111  2418  3952  218  
41  9683  6271  814  2870  8034  195  7729  3249  4456  6173  6658  7405  2911  9876  9096  7399  8157  6908  5561  3432  5113  443  8082  5268  2036  2877  494  9143  9317  4447  898  3258  0  8434  7259  230  9030  2588  4317  2096  6768  11  392  5985  4974  3177  6445  7429  9996  
5673  8674  4247  6282  5632  545  9410  5833  9297  3774  508  6907  827  2211  420  9093  8322  7137  6325  447  4405  7656  2060  952  729  7375  6746  7516  115  3652  2475  4871  9669  8434  0  2828  7595  9626  469  2194  8810  2402  8931  7666  2036  7435  4591  4765  5898  9247  
9752  9793  6991  8725  6973  5166  6645  7350  809  3479  2916  912  5082  2274  3898  5899  9983  5821  2811  2123  7124  6494  4940  7281  3265  9717  27  5521  5743  2524  218  4459  822  7259  2828  0  3681  6386  2905  260  3344  5197  6001  7109  4943  3086  7653  8416  8236  563  
1  9024  6659  748  4751  2267  715  3186  8276  4233  4432  5811  5892  7465  8848  3249  8815  9952  7616  8270  5908  5516  238  3796  8331  7083  5481  892  2596  5955  8871  419  2836  230  7595  3681  0  2346  4621  9612  9684  8235  164  368  9995  7779  4729  2714  6170  2523  
8107  4733  859  5560  7085  8356  9719  689  8352  825  5137  5590  7925  501  4859  7917  402  9525  6074  9466  8230  9712  6685  9679  3445  761  7811  2713  5715  907  4795  8795  6322  9030  9626  6386  2346  0  8843  7892  482  6237  5705  6087  8490  9256  5096  6460  9386  5376  
9895  6641  6566  7035  6340  418  7354  3913  3800  3209  277  8862  372  5203  319  3253  9042  7192  7015  834  2581  6018  4011  580  871  4424  5275  9680  397  5201  4036  4220  2700  2588  469  2905  4621  8843  0  4322  3640  9366  2865  5973  2824  6734  6152  5134  8726  5219  
9474  6280  2397  2007  6361  5247  2739  9890  2  3481  8657  527  8018  2208  4875  5984  2898  3913  6457  5711  8879  3787  3217  4592  5882  2844  820  5091  6733  7786  389  3070  158  4317  2194  260  9612  7892  4322  0  2791  7670  7504  9202  6155  3361  7947  9797  8176  305  
7710  6516  979  5852  9603  4910  9241  236  3809  326  4639  4144  4310  680  6772  3303  20  5115  2373  2292  4792  5075  5447  9825  8536  634  9795  4167  3189  777  4682  6859  2384  2096  8810  3344  9684  482  3640  2791  0  3170  4850  9052  5287  2182  5167  6425  2896  7849  
2267  756  2821  3473  272  6976  3974  6094  9238  9419  6151  5984  5544  7579  8998  321  4662  430  819  8873  226  186  3329  7247  5837  4809  2826  2842  8337  6028  7459  8631  4841  6768  2402  5197  8235  6237  9366  7670  3170  0  6052  7722  637  230  240  583  587  6060  
680  3692  8085  693  2696  8781  330  2644  9011  7917  4172  2856  5547  9372  4582  5234  3173  7484  2342  8780  3729  6874  999  9350  4067  2523  6036  806  8655  5263  3530  841  5408  11  8931  6001  164  5705  2865  7504  4850  6052  0  23  8733  4878  5721  9249  9079  4700  
136  3201  2006  497  3329  3025  850  6665  9297  9661  3835  9988  8735  5273  7494  9838  4416  4460  6760  4022  6964  6287  776  7435  9901  7555  4598  994  2803  7447  4152  933  5512  392  7666  7109  368  6087  5973  9202  9052  7722  23  0  5647  2613  2960  2406  4802  4128  
8219  565  7802  8411  940  3695  5123  9003  8196  4982  7532  2107  7608  5584  7580  229  4195  456  139  6616  9  220  5577  4776  9290  9288  4875  7167  7860  8230  9539  8749  8332  5985  2036  4943  9995  8490  2824  6155  5287  637  8733  5647  0  51  563  863  296  8747  
2031  170  9032  5723  761  7386  8175  5935  8559  9772  4340  8356  5341  3690  8535  573  7145  232  62  2708  779  340  7877  8126  2590  4369  6891  2029  3076  6886  5099  5252  8161  4974  7435  3086  7779  9256  6734  3361  2182  230  4878  2613  51  0  327  1  33  5558  
2928  505  3011  2052  487  9199  4115  8635  3723  9250  2842  5897  8879  9584  5682  557  6748  603  659  9854  679  570  3403  4982  8356  4976  5629  8443  5950  7408  6551  6581  7111  3177  4591  7653  4729  5096  6152  7947  5167  240  5721  2960  563  327  0  490  641  3961  
8040  765  9194  6197  396  7160  5043  5127  3417  3487  9456  6308  3223  5026  8157  735  6818  57  842  9428  447  614  8772  8140  8404  4209  2795  3224  7514  5511  8223  5428  2418  6445  4765  8416  2714  6460  5134  9797  6425  583  9249  2406  863  1  490  0  100  8619  
7560  83  8576  9535  760  3525  4634  4300  5045  3001  9841  3783  5076  7190  2804  614  2960  794  999  9508  23  642  7398  3700  8640  8936  7468  8431  6893  3532  9366  2376  3952  7429  5898  8236  6170  9386  8726  8176  2896  587  9079  4802  296  33  641  100  0  3052  
4498  2452  8293  4676  2672  3074  5255  7522  991  6559  2614  481  7799  3195  6601  7614  8288  2406  6999  9688  6353  8034  7441  6177  6738  3784  402  5732  7788  8956  72  7991  218  9996  9247  563  2523  5376  5219  305  7849  6060  4700  4128  8747  5558  3961  8619  3052  0  
