50
10
0  7458  8065  4826  8242  3987  6131  7900  468  9977  2083  7769  4530  6823  728  3187  9288  9433  2218  8905  5553  8887  5721  3477  4321  7887  5595  8548  343  4064  6485  5445  963  6289  4433  2910  8160  6402  9910  5459  5591  8205  8849  2404  3578  925  3547  3395  9428  6948  
7458  0  726  3827  7043  9478  5419  7335  6475  4469  8246  6894  2267  3878  3628  5573  2522  8664  8663  2665  8039  6525  6930  3573  2592  5202  7458  9253  8401  2965  5194  4687  4533  2886  7729  2717  6715  6376  4658  9376  5673  6883  6768  4157  7325  8963  210  24  994  9725  
8065  726  0  9312  8376  2496  9927  2550  5908  8545  8999  4425  9068  4740  7719  5623  8788  9089  8572  7107  8364  5930  5789  5162  2152  8521  9141  2991  3229  3001  5769  9796  5986  3808  5077  8337  6259  5331  8493  2147  6664  2266  2678  8327  7476  7123  613  801  519  7904  
4826  3827  9312  0  4215  344  6894  6026  3942  4897  2265  5184  5518  2494  9535  6317  3373  3841  3224  5323  7000  8144  2277  5337  7393  708  2234  9350  8557  8707  6783  577  7404  4102  8901  3263  7525  4567  3193  6304  3890  7751  9411  5310  7965  8069  3814  9618  4080  2092  
8242  7043  8376  4215  0  4107  6356  6651  9905  2617  8514  5314  7102  3225  4676  6240  4248  4368  3052  7324  7651  4699  6630  9092  8272  6347  4242  8083  5105  670  7340  5133  2603  16  6733  2364  3354  4784  5881  4012  7684  7922  8382  6974  6861  7063  5966  4449  7086  2090  
3987  9478  2496  344  4107  0  7029  5039  2875  4167  4748  9354  2640  9151  7636  3116  9453  4769  8707  7510  4662  5256  4930  3840  6075  932  3669  5961  2432  7827  4739  105  2698  3765  4007  4226  7567  8428  8677  3859  9681  3567  5592  2737  6753  9482  6102  5004  8536  6359  
6131  5419  9927  6894  6356  7029  0  2907  4314  4275  932  7936  2968  5797  4829  2083  5648  829  3551  2779  6006  8287  6307  2700  8577  2376  4533  5092  4748  5871  4513  2630  9717  9728  9656  5140  6071  9333  931  2039  5177  5267  834  2897  9089  4593  9517  7785  2264  8162  
7900  7335  2550  6026  6651  5039  2907  0  9114  4068  5238  7766  7375  7389  8433  4450  6136  4489  2871  4886  8702  368  2575  5380  7254  2756  29  8636  6675  6871  4678  9837  4086  8890  144  3946  64  2468  9101  9045  5468  5524  2558  8046  8615  2951  6948  7904  2011  5443  
468  6475  5908  3942  9905  2875  4314  9114  0  3416  6892  6821  4308  9765  742  5032  2832  8305  5609  5646  3818  6437  7094  7363  6551  4960  2272  2179  315  2333  2781  3028  7  5910  2100  6341  8696  8168  4729  7976  8382  8304  6758  8318  7571  396  2220  2450  4348  6428  
9977  4469  8545  4897  2617  4167  4275  4068  3416  0  5558  8908  4256  8503  5593  483  2869  5298  146  23  7107  2006  3514  5704  9559  7742  3148  7326  3627  6594  8468  4167  9025  2189  6899  9993  2733  8742  6343  5945  805  9836  5396  7292  8376  9459  3718  4191  3500  3844  
2083  8246  8999  2265  8514  4748  932  5238  6892  5558  0  3876  4083  7559  3711  8989  4289  429  6641  9873  5571  4203  3376  4621  8593  5220  6313  8996  6758  5146  2671  5923  8295  8584  4435  2126  3389  8017  182  2649  3595  3378  825  8960  6313  5341  6815  2583  8306  6735  
7769  6894  4425  5184  5314  9354  7936  7766  6821  8908  3876  0  3823  236  9121  4757  3959  8496  4910  8030  3707  6606  9855  307  6390  5467  8169  6755  6556  6953  509  6207  4304  3689  2882  497  2713  8195  4984  480  4823  8083  4295  5405  7275  5587  3012  3875  2099  5721  
4530  2267  9068  5518  7102  2640  2968  7375  4308  4256  4083  3823  0  5576  5840  8951  544  4469  7577  5036  455  4467  357  9924  234  9893  8329  6426  9589  3498  4611  8514  3780  9291  5401  9683  4877  150  7246  5605  9429  842  4996  184  2124  3322  5282  3218  5426  2019  
6823  3878  4740  2494  3225  9151  5797  7389  9765  8503  7559  236  5576  0  6680  7162  8665  8624  4449  8490  3102  6123  2811  289  5406  5551  5788  2364  6939  6713  357  4010  9674  5400  8903  164  7724  9378  7285  537  3406  9558  7377  3556  5964  3432  9606  5623  9103  6958  
728  3628  7719  9535  4676  7636  4829  8433  742  5593  3711  9121  5840  6680  0  2896  5822  4685  3410  3683  9220  8653  6725  4760  8634  6772  2891  2263  43  3770  5084  2466  364  4761  3224  2431  4328  8134  8620  3504  6824  6122  3894  7250  3564  672  6410  9774  4764  2550  
3187  5573  5623  6317  6240  3116  2083  4450  5032  483  8989  4757  8951  7162  2896  0  8203  2350  42  17  2704  5782  4201  6273  3873  6282  9352  9772  5790  8980  3880  6749  3259  3179  6263  9712  4026  8457  8829  7016  838  3565  3686  7981  7450  2394  6166  9309  5641  2538  
9288  2522  8788  3373  4248  9453  5648  6136  2832  2869  4289  3959  544  8665  5822  8203  0  2457  8249  4055  205  4375  949  5011  811  7122  2599  6530  6292  9298  5152  4232  2379  6421  4127  8707  5492  599  2145  5272  8889  506  2337  338  6523  8119  9102  8147  5510  2244  
9433  8664  9089  3841  4368  4769  829  4489  8305  5298  429  8496  4469  8624  4685  2350  2457  0  2519  5916  2779  9897  9157  4827  6121  6689  7314  9923  8178  9139  5923  2186  4144  9031  2639  4491  6723  7091  619  5313  9927  2213  279  4680  9590  9458  4842  4386  4871  7887  
2218  8663  8572  3224  3052  8707  3551  2871  5609  146  6641  4910  7577  4449  3410  42  8249  2519  0  664  8147  5161  3572  5419  6257  3113  4134  8073  7228  5615  5343  6267  7828  5276  2958  6696  8888  7904  4071  4880  785  9169  7448  2210  2602  8812  6371  6834  8789  7502  
8905  2665  7107  5323  7324  7510  2779  4886  5646  23  9873  8030  5036  8490  3683  17  4055  5916  664  0  4704  2236  5741  4522  6635  4415  9726  5078  9512  4081  6663  5191  7077  4951  4302  3509  2333  6397  4218  3757  115  8684  7557  6913  8434  6621  3477  9373  6612  4505  
5553  8039  8364  7000  7651  4662  6006  8702  3818  7107  5571  3707  455  3102  9220  2704  205  2779  8147  4704  0  9765  864  3586  429  8382  3312  3252  9895  5142  8448  9485  9621  5797  6586  9534  9776  600  6139  4793  5523  928  9680  266  6534  5441  4546  2203  3096  6388  
8887  6525  5930  8144  4699  5256  8287  368  6437  2006  4203  6606  4467  6123  8653  5782  4375  9897  5161  2236  9765  0  9228  3591  3158  4860  212  9017  6344  7902  4953  3298  4096  6246  238  8985  968  8961  9137  5711  6967  9679  5591  5285  5566  7527  9996  5109  4196  4434  
5721  6930  5789  2277  6630  4930  6307  2575  7094  3514  3376  9855  357  2811  6725  4201  949  9157  3572  5741  864  9228  0  2427  177  6018  2075  4659  6314  6414  3775  3068  4545  7594  4828  7073  4542  320  3934  8727  7522  589  7792  465  7448  2285  3995  5197  2812  9016  
3477  3573  5162  5337  9092  3840  2700  5380  7363  5704  4621  307  9924  289  4760  6273  5011  4827  5419  4522  3586  3591  2427  0  5914  6384  8994  8017  5692  2926  234  8988  3879  2570  6886  2  6643  3598  3453  696  9806  9186  7116  8886  7403  5834  6875  9784  6211  6263  
4321  2592  2152  7393  8272  6075  8577  7254  6551  9559  8593  6390  234  5406  8634  3873  811  6121  6257  6635  429  3158  177  5914  0  9436  9744  8443  9888  3794  8172  3819  9352  6968  4178  9352  3549  260  8598  4499  2356  984  3376  738  2187  6069  3838  4153  4991  4623  
7887  5202  8521  708  6347  932  2376  2756  4960  7742  5220  5467  9893  5551  6772  6282  7122  6689  3113  4415  8382  4860  6018  6384  9436  0  2883  2540  8453  6173  4396  303  5395  8073  2207  7244  9418  3101  3582  8486  7715  9066  4806  5119  6633  7065  9270  6595  5026  4257  
5595  7458  9141  2234  4242  3669  4533  29  2272  3148  6313  8169  8329  5788  2891  9352  2599  7314  4134  9726  3312  212  2075  8994  9744  2883  0  5715  7803  4876  2730  8091  6845  9193  149  6829  506  3728  2337  2556  3839  4670  5629  7314  3594  2950  3663  5376  3266  8611  
8548  9253  2991  9350  8083  5961  5092  8636  2179  7326  8996  6755  6426  2364  2263  9772  6530  9923  8073  5078  3252  9017  4659  8017  8443  2540  5715  0  9966  2467  3116  2521  5197  3452  5779  8331  3468  7633  6955  9528  6166  3331  6211  8146  441  5429  3204  7261  2963  197  
343  8401  3229  8557  5105  2432  4748  6675  315  3627  6758  6556  9589  6939  43  5790  6292  8178  7228  9512  9895  6344  6314  5692  9888  8453  7803  9966  0  5335  7965  6691  930  5027  2596  4217  3316  9800  4696  3343  7898  4033  6435  8947  3227  467  2914  4857  5441  4591  
4064  2965  3001  8707  670  7827  5871  6871  2333  6594  5146  6953  3498  6713  3770  8980  9298  9139  5615  4081  5142  7902  6414  2926  3794  6173  4876  2467  5335  0  6305  6889  4563  199  4269  9666  9321  3183  8453  3460  8010  9312  4339  9955  5069  7887  4920  9771  3524  4851  
6485  5194  5769  6783  7340  4739  4513  4678  2781  8468  2671  509  4611  357  5084  3880  5152  5923  5343  6663  8448  4953  3775  234  8172  4396  2730  3116  7965  6305  0  4541  6144  5291  6110  690  5074  8040  3811  63  9445  8805  6046  7828  6845  6499  4617  6190  8378  3261  
5445  4687  9796  577  5133  105  2630  9837  3028  4167  5923  6207  8514  4010  2466  6749  4232  2186  6267  5191  9485  3298  3068  8988  3819  303  8091  2521  6691  6889  4541  0  2044  9873  5456  8800  2482  6446  8787  6109  8400  8588  5946  5675  4158  8151  2042  4282  7419  2196  
963  4533  5986  7404  2603  2698  9717  4086  7  9025  8295  4304  3780  9674  364  3259  2379  4144  7828  7077  9621  4096  4545  3879  9352  5395  6845  5197  930  4563  6144  2044  0  9769  3887  4652  5723  7736  5624  7792  9225  8952  7377  7240  5169  407  3310  5830  3012  3235  
6289  2886  3808  4102  16  3765  9728  8890  5910  2189  8584  3689  9291  5400  4761  3179  6421  9031  5276  4951  5797  6246  7594  2570  6968  8073  9193  3452  5027  199  5291  9873  9769  0  3276  5876  7335  5041  4017  3119  2646  4109  6572  9102  7704  3841  6383  9774  4520  7791  
4433  7729  5077  8901  6733  4007  9656  144  2100  6899  4435  2882  5401  8903  3224  6263  4127  2639  2958  4302  6586  238  4828  6886  4178  2207  149  5779  2596  4269  6110  5456  3887  3276  0  5886  458  4180  6627  9699  4098  5370  6912  3399  3359  6624  8610  5740  6543  2610  
2910  2717  8337  3263  2364  4226  5140  3946  6341  9993  2126  497  9683  164  2431  9712  8707  4491  6696  3509  9534  8985  7073  2  9352  7244  6829  8331  4217  9666  690  8800  4652  5876  5886  0  4901  4239  4185  734  4770  3138  7095  7469  7584  3750  9708  4528  3560  7621  
8160  6715  6259  7525  3354  7567  6071  64  8696  2733  3389  2713  4877  7724  4328  4026  5492  6723  8888  2333  9776  968  4542  6643  3549  9418  506  3468  3316  9321  5074  2482  5723  7335  458  4901  0  6673  5952  3081  6094  3062  5361  2417  3335  9885  5721  3175  7658  5528  
6402  6376  5331  4567  4784  8428  9333  2468  8168  8742  8017  8195  150  9378  8134  8457  599  7091  7904  6397  600  8961  320  3598  260  3101  3728  7633  9800  3183  8040  6446  7736  5041  4180  4239  6673  0  6344  9676  2179  738  6554  528  2376  5590  2002  9494  5236  2202  
9910  4658  8493  3193  5881  8677  931  9101  4729  6343  182  4984  7246  7285  8620  8829  2145  619  4071  4218  6139  9137  3934  3453  8598  3582  2337  6955  4696  8453  3811  8787  5624  4017  6627  4185  5952  6344  0  5497  3313  3093  459  5981  9218  5781  9420  7706  3520  5761  
5459  9376  2147  6304  4012  3859  2039  9045  7976  5945  2649  480  5605  537  3504  7016  5272  5313  4880  3757  4793  5711  8727  696  4499  8486  2556  9528  3343  3460  63  6109  7792  3119  9699  734  3081  9676  5497  0  5975  2914  3933  2087  7062  4231  3213  3079  8223  4402  
5591  5673  6664  3890  7684  9681  5177  5468  8382  805  3595  4823  9429  3406  6824  838  8889  9927  785  115  5523  6967  7522  9806  2356  7715  3839  6166  7898  8010  9445  8400  9225  2646  4098  4770  6094  2179  3313  5975  0  8120  3061  8304  5946  7690  4554  5732  9231  6539  
8205  6883  2266  7751  7922  3567  5267  5524  8304  9836  3378  8083  842  9558  6122  3565  506  2213  9169  8684  928  9679  589  9186  984  9066  4670  3331  4033  9312  8805  8588  8952  4109  5370  3138  3062  738  3093  2914  8120  0  3873  571  9130  8087  7176  2862  2189  8555  
8849  6768  2678  9411  8382  5592  834  2558  6758  5396  825  4295  4996  7377  3894  3686  2337  279  7448  7557  9680  5591  7792  7116  3376  4806  5629  6211  6435  4339  6046  5946  7377  6572  6912  7095  5361  6554  459  3933  3061  3873  0  9056  5009  5816  6112  9452  2903  6261  
2404  4157  8327  5310  6974  2737  2897  8046  8318  7292  8960  5405  184  3556  7250  7981  338  4680  2210  6913  266  5285  465  8886  738  5119  7314  8146  8947  9955  7828  5675  7240  9102  3399  7469  2417  528  5981  2087  8304  571  9056  0  7431  5776  2269  4265  8098  7009  
3578  7325  7476  7965  6861  6753  9089  8615  7571  8376  6313  7275  2124  5964  3564  7450  6523  9590  2602  8434  6534  5566  7448  7403  2187  6633  3594  441  3227  5069  6845  4158  5169  7704  3359  7584  3335  2376  9218  7062  5946  9130  5009  7431  0  3948  8510  9805  3035  60  
925  8963  7123  8069  7063  9482  4593  2951  396  9459  5341  5587  3322  3432  672  2394  8119  9458  8812  6621  5441  7527  2285  5834  6069  7065  2950  5429  467  7887  6499  8151  407  3841  6624  3750  9885  5590  5781  4231  7690  8087  5816  5776  3948  0  7193  7499  4397  2877  
3547  210  613  3814  5966  6102  9517  6948  2220  3718  6815  3012  5282  9606  6410  6166  9102  4842  6371  3477  4546  9996  3995  6875  3838  9270  3663  3204  2914  4920  4617  2042  3310  6383  8610  9708  5721  2002  9420  3213  4554  7176  6112  2269  8510  7193  0  590  600  3396  
3395  24  801  9618  4449  5004  7785  7904  2450  4191  2583  3875  3218  5623  9774  9309  8147  4386  6834  9373  2203  5109  5197  9784  4153  6595  5376  7261  4857  9771  6190  4282  5830  9774  5740  4528  3175  9494  7706  3079  5732  2862  9452  4265  9805  7499  590  0  51  4162  
9428  994  519  4080  7086  8536  2264  2011  4348  3500  8306  2099  5426  9103  4764  5641  5510  4871  8789  6612  3096  4196  2812  6211  4991  5026  3266  2963  5441  3524  8378  7419  3012  4520  6543  3560  7658  5236  3520  8223  9231  2189  2903  8098  3035  4397  600  51  0  7080  
6948  9725  7904  2092  2090  6359  8162  5443  6428  3844  6735  5721  2019  6958  2550  2538  2244  7887  7502  4505  6388  4434  9016  6263  4623  4257  8611  197  4591  4851  3261  2196  3235  7791  2610  7621  5528  2202  5761  4402  6539  8555  6261  7009  60  2877  3396  4162  7080  0  
