50
3
0  2561  62  2032  6382  695  3936  6515  4663  9680  4875  4375  8417  4794  642  5234  932  8935  4098  2097  92  8855  9564  2538  234  481  4032  3041  4545  62  5559  3648  516  6470  497  993  2018  7340  7456  253  4542  288  858  7963  7357  945  5721  207  8948  7570  
2561  0  3046  7355  5321  2134  605  2531  709  3317  8526  603  3196  9555  8493  3981  7650  295  7611  85  4741  5023  3458  6656  8857  9828  887  2823  719  2704  5234  882  8521  7218  5330  7758  528  123  8756  8224  4311  4231  3511  110  3825  4209  9024  2585  567  111  
62  3046  0  7700  3127  511  8250  8260  8448  4168  3003  3427  4085  8794  588  2700  702  5624  3764  5268  107  5461  5458  7017  443  82  4823  9873  5733  353  4415  8065  635  5768  345  446  8110  5165  5120  34  3220  163  168  3311  2740  458  9237  613  8647  2338  
2032  7355  7700  0  292  4318  5200  927  9886  148  876  6792  261  135  6498  156  9956  3769  483  7486  6112  618  536  719  4342  2437  9362  806  9375  2831  711  2967  5707  148  3147  4425  6045  2994  959  2308  534  2120  7687  7971  3  9100  597  7465  9774  7007  
6382  5321  3127  292  0  4722  2751  400  6114  932  617  5751  529  958  5722  792  4183  8680  145  9965  9543  577  791  435  5349  9672  4029  211  4911  2496  702  2137  3773  593  7852  4787  3539  4008  355  4479  56  8434  2544  5605  196  7091  937  9030  9024  3918  
695  2134  511  4318  4722  0  6121  8408  8217  7316  3983  3418  5591  4070  203  4320  896  3649  3997  4881  985  2020  9626  7365  687  315  9779  4297  7116  650  4647  2765  890  5248  755  547  9217  6698  7730  441  6385  122  807  2588  6387  950  3012  663  8577  9425  
3936  605  8250  5200  2751  6121  0  4018  720  8033  2861  911  9970  6610  5722  6171  2945  986  5977  338  6188  4294  4958  9181  2753  2110  975  9305  832  8464  8306  877  8042  2375  5515  2469  904  814  4706  4601  7358  7222  4703  143  7358  7917  6177  5672  559  568  
6515  2531  8260  927  400  8408  4018  0  5681  406  832  7194  435  550  2770  476  9407  7932  344  7281  6206  384  831  294  6736  6475  2320  822  2534  6056  406  4670  3315  720  2151  3363  4517  2826  976  7556  336  3420  5516  7791  224  3363  154  5445  4868  5944  
4663  709  8448  9886  6114  8217  720  5681  0  6493  5677  512  4343  2241  5879  4911  6588  329  2195  604  7901  4837  3572  9626  4768  5335  724  8696  215  5710  7135  562  4577  8280  3588  9231  892  652  9561  5346  5132  4316  6508  956  2293  2824  5121  7720  376  639  
9680  3317  4168  148  932  7316  8033  406  6493  0  200  5098  934  680  5930  329  2108  5206  719  2693  9436  835  47  491  6874  6798  9190  383  5887  7957  76  4580  9684  993  2932  7287  9018  7708  521  7045  280  6473  7419  2515  445  5815  520  6868  5271  6386  
4875  8526  3003  876  617  3983  2861  832  5677  200  0  5593  48  182  8986  123  5205  9468  909  8125  6110  737  484  706  8048  3688  8697  6  5474  3062  691  9971  2570  663  2155  4100  6545  4522  214  9355  834  4810  5101  7736  194  6392  29  4177  5134  5439  
4375  603  3427  6792  5751  3418  911  7194  512  5098  5593  0  4364  4712  2210  6187  3340  824  5132  403  6410  8358  6394  8906  8120  2533  597  9977  687  4705  8751  562  3523  6055  5526  2265  663  832  8945  6330  4907  4527  7779  168  6994  7272  5797  7330  378  526  
8417  3196  4085  261  529  5591  9970  435  4343  934  48  4364  0  25  6219  934  6723  2504  597  8856  9106  485  9  57  9053  6892  6923  411  6578  4840  982  6970  3277  200  2771  5636  4033  6278  447  6341  407  9691  3627  3751  578  2795  296  8064  3003  9612  
4794  9555  8794  135  958  4070  6610  550  2241  680  182  4712  25  0  9662  20  9470  7239  416  5412  6220  760  520  66  6938  4381  8956  242  7836  4038  244  6863  4272  540  2626  2953  4597  8886  384  3376  233  6557  4881  5929  988  2084  160  4914  8864  8599  
642  8493  588  6498  5722  203  5722  2770  5879  5930  8986  2210  6219  9662  0  8881  808  9933  7175  2312  91  8803  4286  4867  542  123  3534  4660  5104  471  3599  9638  504  3696  933  852  5669  4250  5809  484  2796  898  104  6697  7659  827  9126  226  2111  5947  
5234  3981  2700  156  792  4320  6171  476  4911  329  123  6187  934  20  8881  0  3791  3602  502  9330  4602  356  240  398  7473  3872  7482  765  8442  4248  455  8402  9292  395  2778  6818  8957  2949  425  4192  622  8373  8704  9723  710  7519  366  7001  2049  4083  
932  7650  702  9956  4183  896  2945  9407  6588  2108  5205  3340  6723  9470  808  3791  0  5282  7361  3127  621  8553  7814  6390  443  24  9477  4361  2596  969  3874  4486  754  6494  220  639  6396  8536  6101  649  9496  525  980  2960  7020  4  5568  528  3086  2553  
8935  295  5624  3769  8680  3649  986  7932  329  5206  9468  824  2504  7239  9933  3602  5282  0  3803  341  3887  5765  9268  2824  9031  8318  118  5827  81  9658  8894  970  2649  9058  9861  3583  778  391  9127  8481  8224  9958  7109  741  5585  7610  3182  9286  75  667  
4098  7611  3764  483  145  3997  5977  344  2195  719  909  5132  597  416  7175  502  7361  3803  0  3786  8934  393  283  373  7333  8393  8882  647  8407  2357  505  5185  4730  807  9954  9278  3597  6007  125  3153  351  4784  5657  8048  270  3566  948  9340  4369  9243  
2097  85  5268  7486  9965  4881  338  7281  604  2693  8125  403  8856  5412  2312  9330  3127  341  3786  0  9849  4236  9923  2900  8231  3360  338  3067  125  8208  8082  484  9866  8088  7066  4986  246  456  5935  3958  9388  2054  8310  982  9336  8465  3411  3781  489  77  
92  4741  107  6112  9543  985  6188  6206  7901  9436  6110  6410  9106  6220  91  4602  621  3887  8934  9849  0  8605  3815  8868  861  101  8847  5674  2188  679  7682  2298  58  2391  657  125  8468  5118  7334  701  3802  690  696  2794  2533  845  5631  575  6728  8753  
8855  5023  5461  618  577  2020  4294  384  4837  835  737  8358  485  760  8803  356  8553  5765  393  4236  8605  0  212  883  6820  2569  6738  944  2907  7263  608  5444  6043  591  7512  3252  3811  8347  367  9033  380  5033  7782  9724  885  6624  567  8581  3326  4117  
9564  3458  5458  536  791  9626  4958  831  3572  47  484  6394  9  520  4286  240  7814  9268  283  9923  3815  212  0  52  8736  4676  2630  762  7046  7855  74  8920  9060  448  7930  6695  2167  7211  620  5910  128  6006  4223  8000  266  7036  511  2113  9038  4021  
2538  6656  7017  719  435  7365  9181  294  9626  491  706  8906  57  66  4867  398  6390  2824  373  2900  8868  883  52  0  7659  5874  5630  66  6629  2372  412  9683  8003  917  7897  4402  8788  7486  254  4137  145  5575  6896  8524  971  4239  175  8533  8417  6957  
234  8857  443  4342  5349  687  2753  6736  4768  6874  8048  8120  9053  6938  542  7473  443  9031  7333  8231  861  6820  8736  7659  0  414  4037  8924  7107  635  4991  6522  749  7945  895  664  5941  2962  7419  433  7833  377  153  5554  8475  58  7836  820  9845  4008  
481  9828  82  2437  9672  315  2110  6475  5335  6798  3688  2533  6892  4381  123  3872  24  8318  8393  3360  101  2569  4676  5874  414  0  3654  7358  8377  429  3530  2386  782  8662  336  189  3603  8424  5401  468  6734  443  677  4711  3485  89  2267  649  2647  5412  
4032  887  4823  9362  4029  9779  975  2320  724  9190  8697  597  6923  8956  3534  7482  9477  118  8882  338  8847  6738  2630  5630  4037  3654  0  9321  906  4007  8167  927  5423  6379  6602  5476  578  418  5075  8686  9393  8900  7508  64  5047  3984  4825  3264  434  194  
3041  2823  9873  806  211  4297  9305  822  8696  383  6  9977  411  242  4660  765  4361  5827  647  3067  5674  944  762  66  8924  7358  9321  0  4411  8913  924  3328  2594  786  2248  5236  5282  3689  56  5851  71  5217  3336  7942  888  5128  190  9673  7173  7415  
4545  719  5733  9375  4911  7116  832  2534  215  5887  5474  687  6578  7836  5104  8442  2596  81  8407  125  2188  2907  7046  6629  7107  8377  906  4411  0  8549  7428  184  7507  4571  5972  8671  117  565  6263  9819  8648  7850  2514  293  7563  5129  2526  2096  903  12  
62  2704  353  2831  2496  650  8464  6056  5710  7957  3062  4705  4840  4038  471  4248  969  9658  2357  8208  679  7263  7855  2372  635  429  4007  8913  8549  0  3485  2076  613  9477  871  131  9596  6672  6589  383  3546  264  555  3372  2632  37  7431  918  7415  2855  
5559  5234  4415  711  702  4647  8306  406  7135  76  691  8751  982  244  3599  455  3874  8894  505  8082  7682  608  74  412  4991  3530  8167  924  7428  3485  0  8133  3451  249  9244  5433  2766  6889  450  3743  282  8425  4722  6879  863  2388  407  8772  5813  7391  
3648  882  8065  2967  2137  2765  877  4670  562  4580  9971  562  6970  6863  9638  8402  4486  970  5185  484  2298  5444  8920  9683  6522  2386  927  3328  184  2076  8133  0  2467  5808  7125  7228  408  737  3883  5629  9568  5151  9946  724  8818  2447  7138  4156  716  497  
516  8521  635  5707  3773  890  8042  3315  4577  9684  2570  3523  3277  4272  504  9292  754  2649  4730  9866  58  6043  9060  8003  749  782  5423  2594  7507  613  3451  2467  0  2766  606  319  3363  5098  9452  31  9988  841  530  2772  6257  264  6152  541  6983  4849  
6470  7218  5768  148  593  5248  2375  720  8280  993  663  6055  200  540  3696  395  6494  9058  807  8088  2391  591  448  917  7945  8662  6379  786  4571  9477  249  5808  2766  0  9257  3252  9961  2681  419  4560  695  5661  7708  8648  471  3014  434  5013  7782  9940  
497  5330  345  3147  7852  755  5515  2151  3588  2932  2155  5526  2771  2626  933  2778  220  9861  9954  7066  657  7512  7930  7897  895  336  6602  2248  5972  871  9244  7125  606  9257  0  319  7653  5139  4171  75  4789  275  951  2141  2916  598  4654  38  5415  6949  
993  7758  446  4425  4787  547  2469  3363  9231  7287  4100  2265  5636  2953  852  6818  639  3583  9278  4986  125  3252  6695  4402  664  189  5476  5236  8671  131  5433  7228  319  3252  319  0  6645  2803  7875  784  2369  692  671  8398  6128  795  9285  509  8422  4549  
2018  528  8110  6045  3539  9217  904  4517  892  9018  6545  663  4033  4597  5669  8957  6396  778  3597  246  8468  3811  2167  8788  5941  3603  578  5282  117  9596  2766  408  3363  9961  7653  6645  0  982  3895  2288  4898  9029  8362  408  4438  7595  3597  9788  310  887  
7340  123  5165  2994  4008  6698  814  2826  652  7708  4522  832  6278  8886  4250  2949  8536  391  6007  456  5118  8347  7211  7486  2962  8424  418  3689  565  6672  6889  737  5098  2681  5139  2803  982  0  6244  9281  6177  7569  8515  931  2850  7101  6135  7122  885  834  
7456  8756  5120  959  355  7730  4706  976  9561  521  214  8945  447  384  5809  425  6101  9127  125  5935  7334  367  620  254  7419  5401  5075  56  6263  6589  450  3883  9452  419  4171  7875  3895  6244  0  2962  157  7138  4663  2157  870  4287  7  5417  6986  5495  
253  8224  34  2308  4479  441  4601  7556  5346  7045  9355  6330  6341  3376  484  4192  649  8481  3153  3958  701  9033  5910  4137  433  468  8686  5851  9819  383  3743  5629  31  4560  75  784  2288  9281  2962  0  3267  563  556  4368  8556  316  2281  420  7658  6727  
4542  4311  3220  534  56  6385  7358  336  5132  280  834  4907  407  233  2796  622  9496  8224  351  9388  3802  380  128  145  7833  6734  9393  71  8648  3546  282  9568  9988  695  4789  2369  4898  6177  157  3267  0  9537  6860  9649  207  7297  925  5386  4901  9505  
288  4231  163  2120  8434  122  7222  3420  4316  6473  4810  4527  9691  6557  898  8373  525  9958  4784  2054  690  5033  6006  5575  377  443  8900  5217  7850  264  8425  5151  841  5661  275  692  9029  7569  7138  563  9537  0  365  7580  5600  8  2100  551  8722  9275  
858  3511  168  7687  2544  807  4703  5516  6508  7419  5101  7779  3627  4881  104  8704  980  7109  5657  8310  696  7782  4223  6896  153  677  7508  3336  2514  555  4722  9946  530  7708  951  671  8362  8515  4663  556  6860  365  0  6349  5707  6  5033  312  7075  8752  
7963  110  3311  7971  5605  2588  143  7791  956  2515  7736  168  3751  5929  6697  9723  2960  741  8048  982  2794  9724  8000  8524  5554  4711  64  7942  293  3372  6879  724  2772  8648  2141  8398  408  931  2157  4368  9649  7580  6349  0  2558  4204  9678  4242  119  411  
7357  3825  2740  3  196  6387  7358  224  2293  445  194  6994  578  988  7659  710  7020  5585  270  9336  2533  885  266  971  8475  3485  5047  888  7563  2632  863  8818  6257  471  2916  6128  4438  2850  870  8556  207  5600  5707  2558  0  2718  307  7755  2378  4267  
945  4209  458  9100  7091  950  7917  3363  2824  5815  6392  7272  2795  2084  827  7519  4  7610  3566  8465  845  6624  7036  4239  58  89  3984  5128  5129  37  2388  2447  264  3014  598  795  7595  7101  4287  316  7297  8  6  4204  2718  0  8141  331  3605  7511  
5721  9024  9237  597  937  3012  6177  154  5121  520  29  5797  296  160  9126  366  5568  3182  948  3411  5631  567  511  175  7836  2267  4825  190  2526  7431  407  7138  6152  434  4654  9285  3597  6135  7  2281  925  2100  5033  9678  307  8141  0  2231  6958  6161  
207  2585  613  7465  9030  663  5672  5445  7720  6868  4177  7330  8064  4914  226  7001  528  9286  9340  3781  575  8581  2113  8533  820  649  3264  9673  2096  918  8772  4156  541  5013  38  509  9788  7122  5417  420  5386  551  312  4242  7755  331  2231  0  9498  6507  
8948  567  8647  9774  9024  8577  559  4868  376  5271  5134  378  3003  8864  2111  2049  3086  75  4369  489  6728  3326  9038  8417  9845  2647  434  7173  903  7415  5813  716  6983  7782  5415  8422  310  885  6986  7658  4901  8722  7075  119  2378  3605  6958  9498  0  342  
7570  111  2338  7007  3918  9425  568  5944  639  6386  5439  526  9612  8599  5947  4083  2553  667  9243  77  8753  4117  4021  6957  4008  5412  194  7415  12  2855  7391  497  4849  9940  6949  4549  887  834  5495  6727  9505  9275  8752  411  4267  7511  6161  6507  342  0  
